144000
151200
158400
165600
172800
180000
187200
194400
201600
208800
216000
223200
230400
237600
244800
252000
259200
266400
273600
280800
288000
295200
302400
309600
316800
324000
331200
338400
345600
352800
360000
367200
374400
381600
388800
396000
403200
410400
417600
424800
432000
439200
446400
453600
460800
468000
475200
482400
489600
496800
504000
511200
518400
525600
532800
540000
547200
554400
561600
568800
576000
583200
590400
597600
604800
612000
619200
626400
633600
640800
648000
655200
662400
669600
676800
684000
691200
698400
705600
712800
720000
727200
734400
741600
748800
756000
763200
770400
777600
784800
792000
799200
806400
813600
820800
828000
835200
842400
849600
856800
864000
871200
878400
885600
892800
900000
907200
